symbol,description,exchange,sector,industry,open,high,low,Close,Change%,MarketCap,Volume,Currency
4BRZ,iShares MSCI Brazil UCITS ETF (DE),BVC,Miscellaneous,Investment Trusts/Mutual Funds,201540.0,201540.0,201540.0,201540.0,-2.5246662797446313,,0,COP
AAPL,Apple Inc.,BVC,Electronic Technology,Telecommunications Equipment,978000.0,988380.0,972260.0,972260.0,0.018516994486050528,1.4234853500952898e+16,100,COP
AGROCHAL,Agroguachal SA,BVC,Process Industries,Agricultural Commodities/Milling,506.0,506.0,506.0,506.0,0.0,30360000000.0,0,COP
AGUASACO,Aguas Andinas SA Class A,BVC,Utilities,Water Utilities,1415.0,1415.0,1415.0,1415.0,-2.7491408934707904,8251367735994.289,0,COP
ALICORC1CO,Alicorp SAA,BVC,Consumer Non-Durables,Food: Major Diversified,11480.0,11480.0,11480.0,11480.0,-3.691275167785235,7229599677833.333,0,COP
AMZN,"Amazon.com, Inc.",BVC,Retail Trade,Internet Retail,938960.0,950000.0,933000.0,933500.0,-1.323439250755798,1.0174457309742754e+16,431,COP
ANDINABCO,Embotelladora Andina SA Pfd B,BVC,Consumer Non-Durables,Beverages: Non-Alcoholic,18080.0,18080.0,18080.0,18080.0,-1.8458197611292075,15363103461721.81,0,COP
ARACO,"Aclara Resources, Inc.",BVC,Non-Energy Minerals,Other Metals/Minerals,13780.0,13780.0,13780.0,13780.0,35.09803921568627,3051792584282.609,0,COP
ARKFCO,ARK Blockchain & Fintech Innovation ETF,BVC,Miscellaneous,Investment Trusts/Mutual Funds,152460.0,152460.0,152460.0,152460.0,-2.606362591031046,,0,COP
ARKGCO,ARK Genomic Revolution ETF,BVC,Miscellaneous,Investment Trusts/Mutual Funds,107480.0,107480.0,107480.0,107480.0,-3.7090127217344557,,0,COP
ARKICO,ARK Artificial Intelligence & Robotics UCITS ETF AccumUSD,BVC,Miscellaneous,Investment Trusts/Mutual Funds,37240.0,37240.0,37240.0,37240.0,0.8667388949079089,,0,COP
ARKKCO,ARK Innovation ETF,BVC,Miscellaneous,Investment Trusts/Mutual Funds,275060.0,275060.0,275060.0,275060.0,-2.956534010725374,,0,COP
ARKKUCO,ARK Innovation UCITS ETF Accum Shs USD,BVC,Miscellaneous,Investment Trusts/Mutual Funds,29340.0,29340.0,29340.0,29340.0,-1.675603217158177,,0,COP
ARKQCO,ARK Autonomous Technology & Robotics ETF,BVC,Miscellaneous,Investment Trusts/Mutual Funds,467540.0,467540.0,467540.0,467540.0,0.8890423374045142,,0,COP
ARKWCO,ARK Next Generation Internet ETF,BVC,Miscellaneous,Investment Trusts/Mutual Funds,497660.0,497660.0,497660.0,497660.0,-0.1003693592420106,,0,COP
ARKXCO,ARK Space & Defense Innovation ETF,BVC,Miscellaneous,Investment Trusts/Mutual Funds,119440.0,119440.0,119440.0,119440.0,-0.6983704689058863,,0,COP
BAC,Bank of America Corp,BVC,Finance,Major Banks,189100.0,189100.0,189100.0,189100.0,-1.9089117128332815,1368510101847826.0,0,COP
BAPCO,Credicorp Ltd.,BVC,Finance,Major Banks,1149600.0,1149600.0,1149600.0,1149600.0,-4.207982668110991,92194996481884.06,0,COP
BBVACOL,Banco Bilbao Vizcaya Argentaria Colombia SA Class B,BVC,Finance,Major Banks,240.0,240.0,240.0,240.0,0.0,3505818894043.0,0,COP
BCICO,Banco de Credito e Inversiones,BVC,Finance,Major Banks,249140.0,249140.0,249140.0,249140.0,-2.9450720685625242,54706689522806.125,0,COP
BHI,BAC Holding International Corp,BVC,Finance,Finance/Rental/Leasing,417.0,418.0,415.0,418.0,0.0,18066036742188.0,345340,COP
BMC,Bolsa Mercantil de Colombia SA,BVC,Finance,Investment Banks/Brokers,5450.0,5450.0,5450.0,5450.0,0.0,322634723473.0,0,COP
BOGOTA,Banco de Bogota SA,BVC,Finance,Major Banks,38300.0,38640.0,37500.0,37580.0,-2.084418968212611,13634535994263.0,10745,COP
BRKB,Berkshire Hathaway Inc. Class B,BVC,Finance,Property/Casualty Insurance,1742260.0,1747000.0,1724000.0,1727180.0,0.18561700251743057,3691840518945652.0,158,COP
BSANTANDCO,Banco Santander-Chile,BVC,Finance,Regional Banks,302.0,302.0,302.0,302.0,-5.031446540880504,57198039491838.805,0,COP
BVC,Bolsa de Valores de Colombia S.A.,BVC,Finance,Investment Banks/Brokers,15040.0,15040.0,15000.0,15000.0,-0.26595744680851063,910122584229.0,6115,COP
BVNCO,Compania de Minas Buenaventura SAA Sponsored ADR,BVC,Non-Energy Minerals,Precious Metals,116100.0,116100.0,116100.0,116100.0,-7.563694267515923,32788109222666.67,0,COP
C,Citigroup Inc.,BVC,Finance,Major Banks,459000.0,464020.0,459000.0,464020.0,1.093681917211329,802402716376811.6,0,COP
CAPCO,CAP S.A.,BVC,Non-Energy Minerals,Steel,28400.0,28400.0,28400.0,28400.0,2.3792357606344625,4262201736846.869,0,COP
CARACOLTV,Caracol Television S.A.,BVC,Consumer Services,Broadcasting,804.0,804.0,804.0,804.0,0.0,704728475098.0,0,COP
CBU0,iShares USD Treasury Bond 7-10yr UCITS ETF USD (Acc) USD,BVC,Miscellaneous,Investment Trusts/Mutual Funds,556300.0,556300.0,556300.0,556300.0,0.06475518940892902,,0,COP
CBU7,iShares USD Treasury Bond 3-7yr UCITS ETF,BVC,Miscellaneous,Investment Trusts/Mutual Funds,515000.0,515900.0,515000.0,515900.0,0.17475728155339806,,0,COP
CCUCO,Compania Cervecerias Unidas S.A.,BVC,Consumer Non-Durables,Beverages: Alcoholic,20660.0,20660.0,20660.0,20660.0,-6.600361663652802,7671012092293.774,0,COP
CELSIA,Celsia SA ESP,BVC,Utilities,Electric Utilities,5420.0,5420.0,5020.0,5200.0,0.0,5415927587891.0,114142,COP
CEMA,iShares MSCI EM Asia UCITS ETF,BVC,Miscellaneous,Investment Trusts/Mutual Funds,1004220.0,1004220.0,1004220.0,1004220.0,1.1299093655589125,,0,COP
CEMARGOS,Cementos Argos SA,BVC,Non-Energy Minerals,Construction Materials,11780.0,11780.0,11540.0,11540.0,-0.5172413793103449,15101706103516.0,586422,COP
CENCOMALCO,Cencosud Shopping SA,BVC,Finance,Real Estate Development,10840.0,10840.0,10840.0,10840.0,-2.5179856115107913,18585032243074.31,0,COP
CENCOSUDCO,Cencosud S.A.,BVC,Retail Trade,Specialty Stores,9460.0,9460.0,9460.0,9460.0,-6.336633663366337,26885485071116.47,0,COP
CEUU,iShares Core MSCI EMU UCITS ETF AccumHedged USD,BVC,Miscellaneous,Investment Trusts/Mutual Funds,41480.0,41480.0,41480.0,41480.0,-1.4726840855106889,,0,COP
CFMITNIPCO,Fondo Mutuo ETF it Now S&P IPSA,BVC,Miscellaneous,Investment Trusts/Mutual Funds,20920.0,20920.0,20920.0,20920.0,-3.5944700460829497,,0,COP
CHILECO,Banco de Chile,BVC,Finance,Major Banks,686.0,686.0,686.0,686.0,-7.547169811320755,69635922425927.375,0,COP
CIBEST,Grupo Cibest S.A.,BVC,Finance,Regional Banks,80000.0,80000.0,77900.0,78000.0,-1.3407538578294966,68333803334961.0,167755,COP
CIBRCO,First Trust Nasdaq Cybersecurity UCITS ETF,BVC,Miscellaneous,Investment Trusts/Mutual Funds,151100.0,151100.0,151100.0,151100.0,3.763219338003022,,330,COP
CMPCCO,Empresas CMPC S.A.,BVC,Process Industries,Pulp & Paper,4530.0,4530.0,4530.0,4530.0,-3.205128205128205,11372083333333.332,0,COP
CNEC,Canacol Energy Ltd.,BVC,Energy Minerals,Oil & Gas Production,5000.0,5000.0,5000.0,5000.0,0.0,,0,COP
COLBUNCO,Colbun SA,BVC,Utilities,Electric Utilities,562.0,562.0,562.0,562.0,-1.056338028169014,9895049847099.123,0,COP
COLOMBINA,Colombina S.A.,BVC,Consumer Non-Durables,Food: Specialty/Candy,1450.0,1450.0,1450.0,1450.0,0.0,562640931702.0,0,COP
COLTEL,Coltejer SA,BVC,Process Industries,Textiles,2075.0,2075.0,2075.0,2075.0,0.0,,0,COP
CONCHATOCO,Vina Concha Y Toro S.A.,BVC,Consumer Non-Durables,Beverages: Alcoholic,3635.0,3635.0,3635.0,3635.0,-3.835978835978836,2699448266469.319,0,COP
CONCIVILES,Construcciones Civiles SA,BVC,Industrial Services,Engineering & Construction,171.0,171.0,171.0,171.0,0.0,16416000000.0,0,COP
CONCONCRET,Constructora Conconcreto S.A.,BVC,Industrial Services,Engineering & Construction,437.0,437.0,411.0,432.0,-2.9213483146067416,504743477173.0,2494999,COP
COPECCO,Empresas Copec S.A.,BVC,Energy Minerals,Oil Refining/Marketing,26520.0,26520.0,26520.0,26520.0,-2.643171806167401,34626977104385.277,0,COP
COPX,Global X Copper Miners ETF,BVC,Miscellaneous,Investment Trusts/Mutual Funds,329760.0,329760.0,293560.0,293560.0,-10.977680737506065,,0,COP
CORFERIAS,Corporacion de Ferias y Exposiciones SA,BVC,Commercial Services,Miscellaneous Commercial Services,1500.0,1500.0,1500.0,1500.0,0.0,251087905884.0,0,COP
CORFICOLCF,Corporacion Financiera Colombiana SA,BVC,Finance,Investment Banks/Brokers,15980.0,15980.0,15720.0,15760.0,-1.376720901126408,5873928870239.0,261997,COP
CPACASC1CO,Cementos Pacasmayo SAA,BVC,Non-Energy Minerals,Construction Materials,7580.0,7580.0,7580.0,7580.0,0.26455026455026454,3485765151133.333,0,COP
CREDIFAMI,Credifamilia Compania de Financiamiento SA,BVC,Finance,Savings Banks,2500.0,2500.0,2500.0,2500.0,0.0,90153000000.0,0,COP
CSPX,iShares Core S&P 500 UCITS ETF,BVC,Miscellaneous,Investment Trusts/Mutual Funds,2799000.0,2819980.0,2751540.0,2756280.0,-0.8532374100719424,,224,COP
CVERDEC1CO,Sociedad Minera Cerro Verde SAA,BVC,Non-Energy Minerals,Other Metals/Minerals,192240.0,192240.0,192240.0,192240.0,2.2770802298361352,67969206811594.2,0,COP
D26ACO,iShares iBonds Dec 2026 Term USD Corp UCITS ETF Accum USD,BVC,Miscellaneous,Investment Trusts/Mutual Funds,412580.0,413220.0,412580.0,413220.0,0.15512143099520093,,0,COP
D28ACO,iShares iBonds Dec 2028 Term USD Corp UCITS ETF AccumUSD,BVC,Miscellaneous,Investment Trusts/Mutual Funds,419280.0,419280.0,419280.0,419280.0,0.4407819087773093,,0,COP
DESCAUCANO,Alimentos Derivados de la Cana SA,BVC,Commercial Services,Miscellaneous Commercial Services,5410.0,5410.0,5410.0,5410.0,0.0,87390976000.0,0,COP
DPYACO,iShares Developed Markets Property Yield UCITS ETF,BVC,Miscellaneous,Investment Trusts/Mutual Funds,23300.0,23300.0,23300.0,23300.0,-1.3547840812870449,,0,COP
ECLCO,Engie Energia Chile S.A.,BVC,Utilities,Electric Utilities,6990.0,6990.0,6990.0,6990.0,0.7204610951008645,7396589692834.224,0,COP
ECOPETROL,Ecopetrol SA,BVC,Energy Minerals,Integrated Oil,2400.0,2470.0,2380.0,2400.0,1.2658227848101267,97446567890625.0,17293611,COP
EIMI,iShares Core MSCI EM IMI UCITS ETF,BVC,Miscellaneous,Investment Trusts/Mutual Funds,189000.0,189000.0,185000.0,185040.0,-2.6105263157894734,,1149,COP
ELCONDOR,Construcciones el Condor SA,BVC,Industrial Services,Engineering & Construction,520.0,520.0,520.0,520.0,0.0,298670207520.0,0,COP
ELECTULUA,Compania de Electricidad de Tulua SA ESP,BVC,Utilities,Electric Utilities,500000.0,500000.0,500000.0,500000.0,0.0,165996998549.0,0,COP
EMCA,iShares JP Morgan USD EM Corp Bond UCITS ETF,BVC,Miscellaneous,Investment Trusts/Mutual Funds,24320.0,24320.0,24320.0,24320.0,0.33003300330033003,,0,COP
EMGA,iShares J.P. Morgan EM Local Govt Bond UCITS ETF,BVC,Miscellaneous,Investment Trusts/Mutual Funds,20440.0,20440.0,20440.0,20440.0,-0.5836575875486382,,0,COP
EMPAQUES,Compania de Empaques SA,BVC,Process Industries,Containers/Packaging,14700.0,14700.0,14700.0,14700.0,0.0,181636619854.0,0,COP
ENELAMCO,Enel Americas S.A.,BVC,Utilities,Electric Utilities,341.0,341.0,341.0,341.0,2.4024024024024024,36892153761586.27,33778,COP
ENELCHILCO,Enel Chile SA,BVC,Utilities,Electric Utilities,324.0,324.0,324.0,324.0,0.0,22529202537298.477,0,COP
ENKA,Enka de Colombia S. A.,BVC,Process Industries,Textiles,17.3,17.3,17.3,17.3,0.0,203685426760.0,0,COP
ENTELCO,Empresa Nacional de Telecomunicaciones S.A.,BVC,Communications,Wireless Telecommunications,14320.0,14320.0,14320.0,14320.0,-6.6492829204693615,4342970895941.6523,0,COP
EQAC,Invesco EQQQ Nasdaq-100 UCITS ETF Acc,BVC,Miscellaneous,Investment Trusts/Mutual Funds,1672260.0,1672260.0,1672260.0,1672260.0,3.217005937758465,,0,COP
ESTRA,Industrias ESTRA SA,BVC,Producer Manufacturing,Miscellaneous Manufacturing,125.0,125.0,125.0,125.0,0.0,8900746346.0,0,COP
ETB,Empresa de Telecomunicaciones de Bogota SA ESP,BVC,Communications,Major Telecommunications,54.5,54.5,54.5,54.5,0.0,193505150635.0,0,COP
EXITO,Almacenes Exito SA,BVC,Retail Trade,Food Retail,4100.0,4245.0,3965.0,4230.0,1.8050541516245486,5392626498413.0,60659,COP
F,Ford Motor Company,BVC,Consumer Durables,Motor Vehicles,44880.0,44880.0,44880.0,44880.0,-2.3923444976076556,180538211670289.84,0,COP
FABRICATO,Fabricato S.A.,BVC,Process Industries,Textiles,4.4,4.4,4.4,4.4,0.0,40488130565.0,0,COP
FALABELLCO,Falabella S.A.,BVC,Retail Trade,Department Stores,23560.0,23560.0,23560.0,23560.0,4.711111111111111,59350121673241.52,0,COP
FERREYC1CO,Ferreycorp S.A.A.,BVC,Distribution Services,Wholesale Distributors,3995.0,3995.0,3995.0,3995.0,-3.033980582524272,3812635166166.6665,0,COP
FJANCO,First Trust Vest U.S. Equity Buffer Ucits ETF - January Accum A USD,BVC,Miscellaneous,Investment Trusts/Mutual Funds,100720.0,100720.0,100720.0,100720.0,0.8208208208208208,,0,COP
FJULCO,First Trust Vest U.S. Equity BUffer UCITS ETF - July Accum A USD,BVC,Miscellaneous,Investment Trusts/Mutual Funds,99540.0,99540.0,99540.0,99540.0,0.9533468559837728,,0,COP
FLOA,iShares USD Floating Rate Bond UCITS ETF USD,BVC,Miscellaneous,Investment Trusts/Mutual Funds,23420.0,23420.0,23420.0,23420.0,0.6013745704467355,,0,COP
FOCTCO,First Trust Vest U.S. Equity Buffer UCITS ETF - October -A- USD,BVC,Miscellaneous,Investment Trusts/Mutual Funds,101500.0,101500.0,101500.0,101500.0,0.9347653142402546,,0,COP
GASORIENTE,Gas Natural del Oriente S.A. E.S.P.,BVC,Utilities,Gas Distributors,1330.0,1330.0,1330.0,1330.0,0.0,163105880000.0,0,COP
GDXCO,VanEck Gold Miners ETF,BVC,Miscellaneous,Investment Trusts/Mutual Funds,321700.0,321700.0,319360.0,319360.0,-9.841341539156456,,154,COP
GE,GE Aerospace,BVC,Electronic Technology,Aerospace & Defense,1022480.0,1022480.0,1022480.0,1022480.0,-5.750050697785889,1075695847561594.2,0,COP
GEB,GRUPO ENERGIA BOGOTA S.A. E.S.P,BVC,Utilities,Gas Distributors,3035.0,3055.0,3015.0,3030.0,-0.49261083743842365,27956683227539.0,1281262,COP
GEHC,GE Healthcare Technologies Inc.,BVC,Health Technology,Medical Specialties,253240.0,253240.0,253240.0,253240.0,-4.423309178743962,116519319159420.3,0,COP
GEV,GE Vernova Inc.,BVC,Producer Manufacturing,Electrical Products,4025180.0,4025180.0,4025180.0,4025180.0,13.762852507758138,1090681890286231.9,0,COP
GNOVCO,First Trust Vest U.S. Equity Moderate Buffer UCITS ETF - November A- USD,BVC,Miscellaneous,Investment Trusts/Mutual Funds,129100.0,129100.0,129100.0,129100.0,0.78064012490242,,0,COP
GOAUCO,U.S. Global GO GOLD and Precious Metal Miners ETF,BVC,Miscellaneous,Investment Trusts/Mutual Funds,155820.0,155820.0,153680.0,153680.0,-3.9740064983754064,,849,COP
GOOGL,Alphabet Inc. Class A,BVC,Technology Services,Internet Software/Services,1280000.0,1280000.0,1262700.0,1265020.0,-1.2474629195940672,1.5319441071992754e+16,183,COP
GRDUCO,First Trust Nasdaq Clean Edge Smart Grid Infrastructure UCITS ETF Accum A USD,BVC,Miscellaneous,Investment Trusts/Mutual Funds,233020.0,233020.0,233020.0,233020.0,3.106194690265487,,0,COP
GRUBOLIVAR,Grupo Bolivar SA,BVC,Finance,Major Banks,78540.0,78540.0,76880.0,77800.0,-1.218892839004571,6230442260437.0,6615,COP
GRUPOARGOS,Grupo Argos S.A.,BVC,Non-Energy Minerals,Construction Materials,15560.0,15800.0,15400.0,15800.0,2.4643320363164722,9847190953979.0,97935,COP
GRUPOAVAL,Grupo Aval Acciones y Valores SA,BVC,Finance,Major Banks,813.0,813.0,808.0,809.0,0.12376237623762376,19299758394531.0,37198,COP
GRUPOSURA,Grupo de Inversiones Suramericana S.A.,BVC,Finance,Multi-Line Insurance,51600.0,51600.0,48600.0,50600.0,-2.2788721514098107,15314281079407.0,77917,COP
GXTESCOL,TES Colombia Local GBI-EM ID ETF,BVC,,,54400.0,54400.0,54300.0,54300.0,-0.7312614259597806,,239,COP
HCOLSEL,Fondo Bursatil Horizons Colombia Select de S&P,BVC,Miscellaneous,Investment Trusts/Mutual Funds,23775.0,24025.0,23766.0,24025.0,-4.583184399698161,,51263,COP
HIVECO,HIVE Digital Technologies Ltd,BVC,Technology Services,Information Technology Services,8800.0,8800.0,8800.0,8800.0,-5.376344086021505,2281556153657.609,0,COP
I500CO,iShares S&P 500 Swap UCITS ETF AccumUSD,BVC,Miscellaneous,Investment Trusts/Mutual Funds,42940.0,42940.0,42940.0,42940.0,1.2258368694012258,,0,COP
IAMCO,Inversiones Aguas Metropolitanas S.A.,BVC,Utilities,Water Utilities,4010.0,4010.0,4010.0,4010.0,-1.5950920245398774,4028522789552.4272,0,COP
IAUP,iShares Gold Producers UCITS ETF USD,BVC,Miscellaneous,Investment Trusts/Mutual Funds,153180.0,153180.0,153180.0,153180.0,-0.2734375,,0,COP
IB01,iShares $ Treasury Bond 0-1yr UCITS ETF USD (Accumulating),BVC,Miscellaneous,Investment Trusts/Mutual Funds,442000.0,442000.0,432000.0,440820.0,0.18636363636363634,,971,COP
IBIT,iShares Bitcoin Trust ETF,BVC,Miscellaneous,Investment Trusts/Mutual Funds,157500.0,157500.0,155000.0,155800.0,-1.0793650793650795,,927,COP
IBTA,iShares USD Treasury Bond 1-3yr UCITS ETF,BVC,Miscellaneous,Investment Trusts/Mutual Funds,21360.0,21360.0,21360.0,21360.0,0.945179584120983,,0,COP
ICHN,iShares MSCI China UCITS ETF AccumUSD,BVC,Miscellaneous,Investment Trusts/Mutual Funds,22500.0,22500.0,21300.0,21300.0,-0.9302325581395349,,975,COP
ICOLCAP,Fondo BursAtil iShares COLCAP,BVC,Miscellaneous,Investment Trusts/Mutual Funds,21664.0,21798.5,21500.0,21765.0,-0.6232449832203274,,1039421,COP
ID27CO,Ishares Ibonds Dec 2027 Term USD Corp Ucits ETF AccumUSD,BVC,Miscellaneous,Investment Trusts/Mutual Funds,418380.0,418380.0,418380.0,418380.0,0.7464842997495665,,0,COP
ID29CO,iShares iBonds Dec 2029 Term USD Corp UCITS ETF AccumUSD,BVC,Miscellaneous,Investment Trusts/Mutual Funds,406740.0,406740.0,406740.0,406740.0,0.3057953144266338,,0,COP
ID30CO,Ishares Ibonds Dec 2030 Term USD Corp Ucits ETF AccumUSD,BVC,Miscellaneous,Investment Trusts/Mutual Funds,408300.0,408300.0,408300.0,408300.0,0.2849142801002112,,0,COP
IDSE,iShares MSCI Europe SRI UCITS ETF,BVC,Miscellaneous,Investment Trusts/Mutual Funds,525000.0,526040.0,525000.0,526040.0,0.1980952380952381,,0,COP
IDTP,iShares USD TIPS UCITS ETF,BVC,Miscellaneous,Investment Trusts/Mutual Funds,931180.0,931180.0,931180.0,931180.0,0.7116590958252217,,0,COP
IFSCO,Intercorp Financial Services Inc.,BVC,Finance,Regional Banks,162420.0,162420.0,162420.0,162420.0,-6.687349189934505,18906652721014.492,0,COP
IHYA,iShares USD High Yield Corp Bond UCITS ETF Acc,BVC,Miscellaneous,Investment Trusts/Mutual Funds,26780.0,26780.0,26780.0,26780.0,0.45011252813203295,,0,COP
IJPA,iShares Core MSCI Japan IMI UCITS ETF,BVC,Miscellaneous,Investment Trusts/Mutual Funds,272640.0,274180.0,270120.0,270120.0,-9.959999999999999,,163,COP
INCASTILLA,Castilla Agricola SA,BVC,Process Industries,Agricultural Commodities/Milling,21180.0,21180.0,21180.0,21180.0,0.0,415550752800.0,0,COP
INESA,Inversiones Equipos y Servicios SA,BVC,Process Industries,Agricultural Commodities/Milling,419.0,419.0,419.0,419.0,0.0,41892014603.0,0,COP
INRA,iShares Global Clean Energy Transition UCITS ETF Accum Shs USD,BVC,Miscellaneous,Investment Trusts/Mutual Funds,105780.0,105780.0,105780.0,105780.0,2.2819570682653256,,0,COP
INRETC1CO,InRetail Peru Corp.,BVC,Retail Trade,Food Retail,104200.0,104200.0,104200.0,104200.0,7.600165220983064,11426303365942.03,0,COP
INVENSA,Inversiones Venecia SA,BVC,Process Industries,Agricultural Commodities/Milling,506.0,506.0,506.0,506.0,0.0,31625000000.0,0,COP
IPCHBC1CO,Inversiones Portuarias Chancay SAA Preffered Registered Shs B,BVC,Finance,Financial Conglomerates,138.0,138.0,138.0,138.0,-4.827586206896552,,0,COP
ISA,Interconexion Electrica SA ESP,BVC,Utilities,Electric Utilities,28720.0,28780.0,28020.0,28360.0,-1.5277777777777777,31901125781250.0,145460,COP
ISAC,iShares MSCI ACWI UCITS ETF,BVC,Miscellaneous,Investment Trusts/Mutual Funds,419580.0,422000.0,412720.0,422000.0,-4.090909090909091,,1293,COP
ITAUCLCO,Banco Itau Chile,BVC,Finance,Major Banks,77760.0,77760.0,77760.0,77760.0,-5.996131528046422,16896447260831.615,0,COP
IUES,iShares S&P 500 Energy Sector UCITS ETF,BVC,Miscellaneous,Investment Trusts/Mutual Funds,43800.0,44160.0,43800.0,44000.0,2.3255813953488373,,5629,COP
IUFS,iShares S&P 500 Financials Sector UCITS ETF,BVC,Miscellaneous,Investment Trusts/Mutual Funds,55840.0,57800.0,55840.0,57800.0,4.558610709117222,,1154,COP
IUHC,iShares S&P 500 Health Care Sector UCITS ETF,BVC,Miscellaneous,Investment Trusts/Mutual Funds,42300.0,42300.0,42300.0,42300.0,-0.7042253521126761,,364,COP
IUIT,iShares S&P 500 Information Technology Sector UCITS ETF,BVC,Miscellaneous,Investment Trusts/Mutual Funds,157960.0,161980.0,157960.0,160780.0,1.7852620916687771,,2190,COP
IWVL,iShares Edge MSCI World Value Factor UCITS ETF,BVC,Miscellaneous,Investment Trusts/Mutual Funds,252000.0,252000.0,247160.0,248740.0,-6.128764435051702,,174,COP
JETS,U.S. Global Jets ETF,BVC,Miscellaneous,Investment Trusts/Mutual Funds,91740.0,91740.0,91740.0,91740.0,-6.8061763510767985,,0,COP
JNJ,Johnson & Johnson,BVC,Health Technology,Pharmaceuticals: Major,840240.0,840240.0,824760.0,824760.0,0.007275372862859222,1965370576836956.8,11,COP
JPEA,iShares J.P. Morgan USD EM Bond UCITS ETF Acc,BVC,Miscellaneous,Investment Trusts/Mutual Funds,23840.0,23840.0,23500.0,23500.0,0.08517887563884156,,625,COP
JPM,JPMorgan Chase & Co.,BVC,Finance,Major Banks,1119740.0,1119740.0,1119740.0,1119740.0,-1.1581307487244672,3045203775413043.5,0,COP
KOCO,Coca-Cola Company,BVC,Consumer Non-Durables,Beverages: Non-Alcoholic,270000.0,271060.0,270000.0,271060.0,0.39259259259259255,1176468478829710.2,0,COP
LIT,Global X Lithium & Battery Tech ETF,BVC,Miscellaneous,Investment Trusts/Mutual Funds,305240.0,305240.0,305240.0,305240.0,3.0798325003377007,,0,COP
LQDA,iShares USD Corp Bond UCITS ETF Acc,BVC,Miscellaneous,Investment Trusts/Mutual Funds,22680.0,22680.0,22680.0,22680.0,-0.0881057268722467,,0,COP
LTMCO,LATAM Airlines Group SA,BVC,Transportation,Airlines,88.0,88.5,88.0,88.0,0.0,48414884151860.54,463595,COP
MALLPLAZCO,Plaza SA,BVC,Finance,Real Estate Development,18680.0,18680.0,18680.0,18680.0,1.191765980498375,41102967391304.34,0,COP
MARLY,Clinica de Marly SA,BVC,Health Services,Medical/Nursing Services,8500.0,8500.0,8500.0,8500.0,0.0,91321198940.0,0,COP
MAYAGUEZ,Mayaguez SA,BVC,Process Industries,Agricultural Commodities/Milling,14600.0,14600.0,14600.0,14600.0,0.0,719623821259.0,0,COP
META,Meta Platforms Inc Class A,BVC,Technology Services,Internet Software/Services,2467000.0,2467000.0,2410020.0,2430640.0,-1.3138449045879008,6241393802456522.0,36,COP
MINEROS,Mineros SA,BVC,Non-Energy Minerals,Precious Metals,13500.0,13660.0,13500.0,13600.0,-0.5847953216374269,4046277480469.0,53871,COP
MSFTCO,Microsoft Corporation,BVC,Technology Services,Packaged Software,1550000.0,1562760.0,1540540.0,1542520.0,-0.5467440361057383,1.1429549733115942e+16,650,COP
MVOL,iShares Edge MSCI World Minimum Volatility UCITS ETF USD,BVC,Miscellaneous,Investment Trusts/Mutual Funds,263880.0,263880.0,263880.0,263880.0,-1.390134529147982,,0,COP
NKE,"NIKE, Inc. Class B",BVC,Consumer Non-Durables,Apparel/Footwear,164240.0,164800.0,162000.0,162900.0,-0.39134156781215607,242200182445652.2,770,COP
NU,Nu Holdings Ltd. Class A,BVC,Finance,Regional Banks,53200.0,53440.0,52120.0,52200.0,-2.4299065420560746,257823095804347.84,43489,COP
NUAMCO,Holding Bursatil Regional SA,BVC,Miscellaneous,Miscellaneous,20260.0,20440.0,20260.0,20380.0,-0.29354207436399216,1809925754829.123,0,COP
NUTRESA,Grupo Nutresa S.A.,BVC,Consumer Non-Durables,Food: Specialty/Candy,298040.0,308000.0,298040.0,307820.0,-0.06493084864619181,139248793861694.02,463,COP
NVDA,NVIDIA Corporation,BVC,Electronic Technology,Semiconductors,770780.0,780000.0,750600.0,750600.0,-1.239441067340333,1.907109787982609e+16,1052,COP
OCCIDENTE,Banco de Occidente SA,BVC,Finance,Major Banks,20000.0,20000.0,20000.0,20000.0,0.0,3117994995117.0,0,COP
PARAUCOCO,Parque Arauco S.A.,BVC,Finance,Real Estate Development,17560.0,17560.0,17560.0,17560.0,-3.7280701754385963,15976414610299.217,0,COP
PAZRIO,Acerias Paz del Rio SA,BVC,Non-Energy Minerals,Steel,4.1,4.1,4.1,4.1,0.0,101969656222.0,0,COP
PBR,Petroleo Brasileiro SA Sponsored ADR,BVC,Energy Minerals,Integrated Oil,75680.0,76900.0,75680.0,76040.0,-0.8604954367666232,463849446763309.8,1362,COP
PEI,Patrimonio Autonomo Estrategias Immobilarias,BVC,Miscellaneous,Investment Trusts/Mutual Funds,63000.0,63000.0,61700.0,61940.0,-0.0967741935483871,2674816400000.0,7385,COP
PFAVAL,Grupo Aval Acciones y Valores SA Pfd,BVC,Finance,Major Banks,815.0,815.0,791.0,799.0,-2.679658952496955,19299758394531.0,1434270,COP
PFBBVACOL,Banco Bilbao Vizcaya Argentaria Colombia SA Pfd Shs C,BVC,Finance,Major Banks,350.0,350.0,350.0,350.0,0.0,3505818894043.0,0,COP
PFCEMARGOS,Cementos Argos SA Pfd Registered Shs,BVC,Non-Energy Minerals,Construction Materials,13300.0,13300.0,13300.0,13300.0,0.0,15101706103516.0,0,COP
PFCIBEST,Grupo Cibest S.A. Non-Cum Perp Pfd Registered Shs,BVC,Finance,Regional Banks,62940.0,63500.0,61160.0,62000.0,-1.4934858595487766,68333803334961.0,564399,COP
PFCORFICOL,Corporacion Financiera Colombiana SA Pref,BVC,Finance,Investment Banks/Brokers,17620.0,17620.0,17500.0,17500.0,-0.5681818181818182,5873928870239.0,18085,COP
PFDAVIGRP,Davivienda Group SA Pfd Registered Shs,BVC,Finance,Financial Conglomerates,26460.0,26680.0,26100.0,26260.0,-1.2781954887218046,,96673,COP
PFDAVVNDA,Banco Davivienda SA Pfd,BVC,Finance,Major Banks,24120.0,24480.0,24120.0,24480.0,-0.24449877750611246,11967431964065.0,1795,COP
PFE,Pfizer Inc.,BVC,Health Technology,Pharmaceuticals: Major,97600.0,98560.0,95740.0,95900.0,-1.3780337309749073,552141526438405.8,836,COP
PFGRUPOARG,Grupo Argos SA Pfd,BVC,Non-Energy Minerals,Construction Materials,12400.0,12500.0,12240.0,12320.0,-1.44,9847190953979.0,188737,COP
PFGRUPSURA,Grupo de Inversiones Suramericana SA Pfd,BVC,Finance,Multi-Line Insurance,41120.0,41220.0,40260.0,40320.0,-2.9836381135707413,15314281079407.0,91190,COP
PFVILLA051,Banco Comercial AV Villas SA Pfd Series 051,BVC,Finance,Regional Banks,5710.0,5710.0,5710.0,5710.0,0.0,425881649628.0,0,COP
PFVILLA053,Banco Comercial AV Villas SA Non-Cum Perp Pfd Registered Shs Series -053-,BVC,Finance,Regional Banks,5710.0,5710.0,5710.0,5710.0,0.0,425881649628.0,0,COP
PFVILLAS00,Banco Comercial AV Villas SA Non-Cum Perp Pfd Registered Shs Series -00-,BVC,Finance,Regional Banks,5710.0,5710.0,5710.0,5710.0,0.0,425881649628.0,0,COP
PFVILLAS01,Banco Comercial AV Villas SA Pfd Series 01,BVC,Finance,Regional Banks,5710.0,5710.0,5710.0,5710.0,0.0,425881649628.0,0,COP
PFVILLASCA,Banco Comercial AV Villas SA Pfd Series CA,BVC,Finance,Regional Banks,4050.0,4050.0,4050.0,4050.0,0.0,425881649628.0,0,COP
POPULAR,Banco Popular SA Bogota,BVC,Finance,Regional Banks,120.0,120.0,120.0,120.0,0.0,927039199219.0,0,COP
PROMIGAS,Promigas SA ESP,BVC,Utilities,Gas Distributors,6470.0,6520.0,6200.0,6320.0,-2.9185867895545314,7387860626221.0,207181,COP
QUINENCOCO,Quinenco S.A.,BVC,Finance,Major Banks,17760.0,17760.0,17760.0,17760.0,-3.2679738562091507,29663870842922.297,0,COP
RBOT,iShares Automation & Robotics UCITS ETF,BVC,Miscellaneous,Investment Trusts/Mutual Funds,68140.0,68140.0,67020.0,67020.0,-4.257142857142857,,403,COP
RCNTELEVI,RCN Television SA,BVC,Consumer Services,Broadcasting,49100.0,49100.0,49100.0,49100.0,0.0,780371053410.0,0,COP
RIOPAILA,Riopaila Agricola SA,BVC,Process Industries,Agricultural Commodities/Milling,11260.0,11260.0,11260.0,11260.0,0.0,379965036926.0,0,COP
RIOPAILIND,Riopaila Castilla SA,BVC,Process Industries,Agricultural Commodities/Milling,11200.0,11200.0,11200.0,11200.0,0.0,669019018555.0,0,COP
RIPLEYCO,Ripley Corp S.A.,BVC,Retail Trade,Department Stores,1625.0,1625.0,1625.0,1625.0,-2.694610778443114,3164814300522.0435,0,COP
SANFELIPE,Compania Agricola San Felipe SA,BVC,Process Industries,Agricultural Commodities/Milling,480.0,480.0,480.0,480.0,0.0,28800000000.0,0,COP
SCCOCO,Southern Copper Corporation,BVC,Non-Energy Minerals,Other Metals/Minerals,640020.0,640020.0,640020.0,640020.0,-6.1058623320227685,533111250264492.75,0,COP
SDHA,iShares USD Short Duration High Yield Corp Bond UCITS ETF USD,BVC,Miscellaneous,Investment Trusts/Mutual Funds,25920.0,25920.0,25920.0,25920.0,0.46511627906976744,,0,COP
SDIA,iShares USD Short Duration Corp Bond UCITS ETF Unhedged USD,BVC,Miscellaneous,Investment Trusts/Mutual Funds,22820.0,22820.0,22820.0,22820.0,0.0,,0,COP
SDVYCO,First Trust Smid Rising Dividend Achievers Ucits ETF Accum A USD,BVC,Miscellaneous,Investment Trusts/Mutual Funds,90900.0,90900.0,90900.0,90900.0,0.44198895027624313,,0,COP
SGLD,Invesco Physical Gold ETC,BVC,Miscellaneous,Investment Trusts/Mutual Funds,1617240.0,1617240.0,1617240.0,1617240.0,-6.355529820497974,,0,COP
SMHCO,VanEck Semiconductor ETF,BVC,Miscellaneous,Investment Trusts/Mutual Funds,1802880.0,1802880.0,1770680.0,1770680.0,-1.6288888888888888,,20,COP
SMUCO,SMU SA,BVC,Retail Trade,Food Retail,570.0,570.0,570.0,570.0,-1.7241379310344827,3306426445370.833,0,COP
SPMV,iShares Edge S&P 500 Minimum Volatility UCITS ETF,BVC,Miscellaneous,Investment Trusts/Mutual Funds,389720.0,389720.0,389720.0,389720.0,0.015398039316327054,,0,COP
SPXS,Invesco S&P 500 UCITS ETF,BVC,Miscellaneous,Investment Trusts/Mutual Funds,51420.0,51420.0,51420.0,51420.0,1.3401655498620417,,0,COP
SQMBCO,Sociedad Quimica y Minera de Chile SA Pfd Series B,BVC,Process Industries,Chemicals: Specialty,330000.0,330000.0,330000.0,330000.0,0.9050880626223091,87101630192188.02,34,COP
SUAS,iShares MSCI USA SRI UCITS ETF,BVC,Miscellaneous,Investment Trusts/Mutual Funds,67000.0,79000.0,67000.0,79000.0,17.38484398216939,,251,COP
TERPEL,Organizacion Terpel SA,BVC,Retail Trade,Specialty Stores,18200.0,18220.0,17680.0,17780.0,-2.5219298245614032,3309183149414.0,45046,COP
TIN,Titulos Particpativos Titularizacion TIN,BVC,,,11300.0,11300.0,11220.0,11300.0,0.1773049645390071,,16860,COP
TITAN,Manufacturas de Cemento SA,BVC,Non-Energy Minerals,Construction Materials,27800.0,27800.0,27800.0,27800.0,0.0,38877245188.0,0,COP
TSLACO,"Tesla, Inc.",BVC,Consumer Durables,Motor Vehicles,1375900.0,1375900.0,1357000.0,1362000.0,0.22075055187637968,5152825791550725.0,88,COP
UBER,"Uber Technologies, Inc.",BVC,Transportation,Other Transportation,278400.0,278400.0,269920.0,269920.0,-3.1086222988010626,562857329268115.94,1791,COP
URA,Global X Uranium ETF,BVC,Miscellaneous,Investment Trusts/Mutual Funds,218000.0,218000.0,218000.0,218000.0,14.736842105263156,,39,COP
VALSIMESA,Valores Simesa S.A.,BVC,Finance,Financial Conglomerates,9950.0,9950.0,9950.0,9950.0,0.0,100377775955.0,0,COP
VAPORESCO,Compania Sud Americana de Vapores S.A.,BVC,Transportation,Marine Shipping,206.0,206.0,206.0,206.0,-1.9047619047619049,10605512644991.145,0,COP
VILLAS,Banco Comercial AV Villas SA,BVC,Finance,Regional Banks,1910.0,1910.0,1910.0,1910.0,0.0,425881649628.0,0,COP
VOLCABC1CO,Volcan Compania Minera S.A.A. Class B,BVC,Non-Energy Minerals,Other Metals/Minerals,697.0,697.0,697.0,697.0,0.0,4889905326500.0,0,COP
VOO,Vanguard S&P 500 ETF,BVC,Miscellaneous,Investment Trusts/Mutual Funds,2340000.0,2374980.0,2250000.0,2360000.0,0.0423908435777872,,131,COP
